atk_0：
picLocRectify（额头中线到图片左边的距离）
(125,122,122)
(9,76,76)（反转后的数据）
movingSteps
40,55,0
(-40,-55,0)
rect
（30,147,40,100)(25,144,35,90)(25,144,35,90)
((10,147,40,100),(10,144,35,90),(10,144,35,90))

atk_1:
picLocRectify
(47,120,120)
(25,52,30）
movingSteps
68,113,0
(-68,-113,0)
rect
(15,167,30,110)(40,120,45,70)(40,120,45,70)
((15,167,30,110),(5,120,45,70),(5,120,45,70))

atk_2:
picLocRectify
(73,45,60,60)
(64,58,43,43）
movingSteps
20,10,35,0
(-20,-10,-35,0)
rect
(53,73,60,97)(38,37,15,50)(43,39,20,40)(43,39,20,40)
((23,73,60,97),(151,37,15,50),(141,39,20,40),(141,39,20,40))

walking:
picLocRectify (42)(37)(45)(42)
movingSteps （30,30,30,30)
rect (20,170,30,100)(20,170,30,100)(20,170,30,100)(20,170,30,100)



standing:
(37)(37)
